0,26,59,7,800
1,27,69,30,810
2,41,89,15,820
3,34,62,33,830
4,41,49,14,840
5,34,25,11,850
6,23,1,32,900
7,17,77,15,910
8,24,92,10,920
9,17,83,6,930
10,25,51,25,940
11,11,93,31,950
12,20,63,30,1000
13,42,37,38,1010
14,4,10,36,1020
15,28,10,15,1030,0
16,2,50,5,1040
17,9,25,30,1050
18,9,38,19,1100
19,3,48,25,1110
20,21,41,7,1120
21,22,20,24,1130,1
22,4,72,26,1140
23,10,88,36,1150
24,40,45,29,1200
25,40,48,39,1210
26,45,98,28,1220
27,47,68,33,1230
28,17,59,26,1240
29,29,41,28,1250
30,24,55,33,1300
31,18,64,10,1310
32,33,51,38,1320
33,25,56,20,1330
34,1,50,20,1340
35,42,99,33,1350
36,26,38,11,1400
37,17,53,17,1410
38,5,80,19,1420
39,37,18,17,1430
40,41,15,26,1440
41,20,80,18,1450
42,49,15,7,1500
43,44,33,14,1510
44,27,6,22,1520
45,43,67,28,1530
46,5,8,35,1540
47,31,64,8,1550
48,20,34,31,1600
49,29,64,13,1610
50,37,26,26,1620
51,6,19,5,1630
52,32,17,22,1640
53,21,43,31,1650
54,22,86,19,1700
55,44,99,17,1710
56,45,67,29,1720
57,4,36,20,1730
58,9,78,23,1740
59,1,65,31,1750
60,1,72,26,1800
61,45,53,35,1810
62,14,14,32,1820
63,0,54,30,1830
64,26,81,38,1840
65,48,96,36,1850
66,0,20,35,1900
67,0,6,28,1910
68,40,46,37,1920
69,31,48,10,1930
70,21,28,11,1940,2
71,31,35,37,1950
72,32,13,19,2000
73,5,4,6,2010
74,18,2,33,2020
75,43,82,15,2030
76,31,36,18,2040
77,8,58,23,2050
78,28,75,6,2100
79,13,56,31,2110
80,45,45,31,2120
81,10,5,18,2130
82,2,60,32,2140
83,48,34,13,2150
84,17,80,16,2200
85,1,96,30,2210
86,13,30,29,2220
87,28,3,7,2230
88,31,90,32,2240
89,20,52,6,2250
90,8,60,25,2300
91,12,24,26,2310,3
92,0,76,37,2320
93,1,12,37,2330
94,2,43,37,2340
95,45,81,23,2350
96,12,34,28,2400
97,33,54,29,2410
98,29,39,36,2420
99,34,48,38,2430
